0.004,0.002,0.134,0.003,0.606,0.251,627257192190771200
0.001,0.049,0.054,0.073,0.730,0.093,627256962363867136
0.248,0.233,0.001,0.030,0.210,0.279,627254025776402432
0.248,0.233,0.001,0.030,0.210,0.279,627253766811742208
0.248,0.233,0.001,0.030,0.210,0.279,627250308192677888
0.248,0.233,0.001,0.030,0.210,0.279,627250051664875520
0.007,0.329,0.215,0.009,0.433,0.007,627249931267477504
0.248,0.233,0.001,0.030,0.210,0.279,627249477527670785
0.248,0.233,0.001,0.030,0.210,0.279,627249464642805760
0.248,0.233,0.001,0.030,0.210,0.279,627249409290575872
0.796,0.002,0.013,0.123,0.042,0.025,627244561866321920
0.014,0.121,0.001,0.786,0.005,0.073,627244527552741376
0.013,0.574,0.168,0.175,0.002,0.068,627244510351880192
0.004,0.869,0.112,0.003,0.004,0.008,627244495822848000
0.004,0.002,0.134,0.003,0.606,0.251,627244303539130369
0.362,0.109,0.002,0.001,0.314,0.212,627244286996824064
0.225,0.138,0.001,0.266,0.142,0.228,627244265786208257
0.004,0.002,0.134,0.003,0.606,0.251,627243811048189952
0.362,0.109,0.002,0.001,0.314,0.212,627243791695675393
0.225,0.138,0.001,0.266,0.142,0.228,627243764516564992
0.000,0.590,0.000,0.100,0.001,0.308,627225694674812928
0.006,0.273,0.028,0.661,0.021,0.010,627191136185110528
0.006,0.273,0.028,0.661,0.021,0.010,627184671030423552
0.001,0.250,0.008,0.660,0.040,0.041,627178668079517696
0.000,0.186,0.001,0.000,0.812,0.001,627174349951250432
0.001,0.011,0.255,0.001,0.671,0.061,627158389991170050
0.001,0.011,0.255,0.001,0.671,0.061,627157422025609216
0.000,0.590,0.000,0.100,0.001,0.308,627152268836634624
0.304,0.048,0.002,0.356,0.175,0.115,627150152881582080
0.854,0.001,0.003,0.001,0.001,0.140,627142802569326592
0.000,0.590,0.000,0.100,0.001,0.308,627138036355178496
0.162,0.121,0.008,0.706,0.001,0.002,627133299731877888
0.005,0.001,0.992,0.001,0.001,0.001,627132046603886592
0.162,0.121,0.008,0.706,0.001,0.002,627129965629181952
0.171,0.002,0.537,0.080,0.003,0.207,627123570963931136
0.057,0.252,0.016,0.655,0.019,0.001,627123501053251584
0.060,0.099,0.146,0.269,0.417,0.008,627122183693860868
0.060,0.099,0.146,0.269,0.417,0.008,627122113946763264
0.001,0.105,0.002,0.001,0.058,0.834,627120491292164096
0.001,0.105,0.002,0.001,0.058,0.834,627117556856303616
0.390,0.001,0.000,0.607,0.001,0.001,627117081381720064
0.001,0.105,0.002,0.001,0.058,0.834,627113466893959168
0.001,0.105,0.002,0.001,0.058,0.834,627113350145667072
0.001,0.105,0.002,0.001,0.058,0.834,627113065977356288
0.000,0.590,0.000,0.100,0.001,0.308,627112320200765440
0.001,0.174,0.000,0.421,0.394,0.010,627112199241265152
0.001,0.105,0.002,0.001,0.058,0.834,627111934010216452
0.004,0.447,0.333,0.041,0.105,0.070,627111926552772608
0.000,0.590,0.000,0.100,0.001,0.308,627111401883074560
0.000,0.590,0.000,0.100,0.001,0.308,627110982389776384
0.126,0.366,0.058,0.036,0.020,0.394,627103475474821120
0.001,0.292,0.000,0.506,0.001,0.201,627101137578131456
0.001,0.292,0.000,0.506,0.001,0.201,627099885687468032
0.001,0.292,0.000,0.506,0.001,0.201,627099789734379520
0.001,0.292,0.000,0.506,0.001,0.201,627095897239764992
0.171,0.002,0.537,0.080,0.003,0.207,627094371494572032
0.057,0.252,0.016,0.655,0.019,0.001,627094329983651840
0.057,0.252,0.016,0.655,0.019,0.001,627093383043878912
0.061,0.007,0.004,0.919,0.004,0.005,627092459684823040
0.171,0.002,0.537,0.080,0.003,0.207,627091742488199169
0.001,0.002,0.076,0.002,0.107,0.811,627091559260024832
0.063,0.002,0.048,0.040,0.064,0.784,627085562457919488
0.004,0.002,0.134,0.003,0.606,0.251,627082719151960064
0.362,0.109,0.002,0.001,0.314,0.212,627082650411507712
0.010,0.106,0.005,0.788,0.015,0.077,627082291844673536
0.225,0.138,0.001,0.266,0.142,0.228,627081486437584896
0.362,0.109,0.002,0.001,0.314,0.212,627081281604583424
0.004,0.002,0.134,0.003,0.606,0.251,627081102373580800
0.000,0.590,0.000,0.100,0.001,0.308,627081013349457920
0.000,0.590,0.000,0.100,0.001,0.308,627056468504780801
0.000,0.590,0.000,0.100,0.001,0.308,627053091754520576
0.219,0.367,0.049,0.005,0.080,0.279,627000564585336833
0.000,0.590,0.000,0.100,0.001,0.308,626966822974173188
0.282,0.046,0.037,0.011,0.525,0.098,626961997309972481
0.031,0.088,0.037,0.490,0.035,0.318,626961507809521664
0.323,0.028,0.340,0.001,0.306,0.002,626961126853492736
0.010,0.112,0.004,0.777,0.016,0.081,626959334690328576
0.168,0.001,0.001,0.495,0.004,0.331,626956589694648321
0.048,0.069,0.114,0.229,0.111,0.430,626953379063971841
0.000,0.590,0.000,0.100,0.001,0.308,626948639513018368
0.001,0.011,0.255,0.001,0.671,0.061,626936426748346368
0.033,0.267,0.025,0.629,0.012,0.034,626927146620059648
0.229,0.004,0.002,0.001,0.074,0.690,626924700896092160
0.154,0.251,0.059,0.050,0.012,0.473,626924646378553344
0.001,0.310,0.001,0.001,0.121,0.566,626924602719993857
0.796,0.002,0.013,0.123,0.042,0.025,626924574651891712
0.014,0.121,0.001,0.786,0.005,0.073,626924540388577280
0.004,0.869,0.112,0.003,0.004,0.008,626924513658306560
0.113,0.015,0.157,0.699,0.001,0.014,626923734608314368
0.083,0.066,0.107,0.040,0.054,0.651,626923719139704833
0.796,0.002,0.013,0.123,0.042,0.025,626923429019709441
0.014,0.121,0.001,0.786,0.005,0.073,626923331372101632
0.004,0.869,0.112,0.003,0.004,0.008,626923301953257472
0.796,0.002,0.013,0.123,0.042,0.025,626922077644267520
0.014,0.121,0.001,0.786,0.005,0.073,626922027836960768
0.013,0.574,0.168,0.175,0.002,0.068,626922009633685504
0.004,0.869,0.112,0.003,0.004,0.008,626921991514267648
0.004,0.869,0.112,0.003,0.004,0.008,626913573118320640
0.000,0.590,0.000,0.100,0.001,0.308,626911814224375808
0.004,0.869,0.112,0.003,0.004,0.008,626911209808351233
0.039,0.029,0.079,0.673,0.006,0.175,626897567616487424
0.253,0.224,0.060,0.058,0.229,0.176,626897222442065920
0.135,0.006,0.461,0.127,0.194,0.077,626895573682139136
0.135,0.006,0.461,0.127,0.194,0.077,626888935038427136
0.003,0.009,0.774,0.198,0.009,0.006,626887879587962880
0.062,0.015,0.015,0.872,0.031,0.005,626878727323054080
0.004,0.869,0.112,0.003,0.004,0.008,626876718503096321
0.062,0.015,0.015,0.872,0.031,0.005,626875367094005760
0.000,0.590,0.000,0.100,0.001,0.308,626873986819969024
0.013,0.574,0.168,0.175,0.002,0.068,626873548838150145
0.013,0.574,0.168,0.175,0.002,0.068,626870153800753153
0.013,0.574,0.168,0.175,0.002,0.068,626869642573795328
0.000,0.590,0.000,0.100,0.001,0.308,626862351170580480
0.014,0.121,0.001,0.786,0.005,0.073,626853600178884608
0.014,0.290,0.026,0.028,0.284,0.357,626852380076707841
0.796,0.002,0.013,0.123,0.042,0.025,626849559675830276
0.105,0.035,0.038,0.102,0.028,0.692,626847884894408705
0.001,0.209,0.000,0.706,0.000,0.083,626847757702184960
0.001,0.209,0.000,0.706,0.000,0.083,626846901581783042
0.105,0.035,0.038,0.102,0.028,0.692,626841104831414272
0.014,0.121,0.001,0.786,0.005,0.073,626831938133839873
0.166,0.158,0.114,0.208,0.271,0.083,626827489348747264
0.796,0.002,0.013,0.123,0.042,0.025,626824766712868865
0.001,0.234,0.140,0.546,0.015,0.065,626822178743435265
0.001,0.174,0.000,0.421,0.394,0.010,626819732788891648
0.003,0.349,0.017,0.095,0.004,0.533,626815531937476609
0.001,0.174,0.000,0.421,0.394,0.010,626815178882043904
0.003,0.349,0.017,0.095,0.004,0.533,626812094608834560
0.001,0.174,0.000,0.421,0.394,0.010,626812007417839617
0.011,0.006,0.031,0.141,0.773,0.039,626811998500749312
0.076,0.095,0.017,0.503,0.096,0.212,626811286634926080
0.219,0.367,0.049,0.005,0.080,0.279,626810474382766080
0.219,0.367,0.049,0.005,0.080,0.279,626806309954953217
0.219,0.367,0.049,0.005,0.080,0.279,626806038164078592
0.003,0.019,0.025,0.365,0.586,0.002,626797298346016768
0.000,0.590,0.000,0.100,0.001,0.308,626795797926051840
0.076,0.095,0.017,0.503,0.096,0.212,626791785096978433
0.028,0.035,0.031,0.623,0.114,0.169,626788439732711424
0.001,0.020,0.312,0.000,0.379,0.288,626782636116045824
0.002,0.242,0.082,0.572,0.038,0.065,626779844303552512
0.002,0.242,0.082,0.572,0.038,0.065,626779709293113345
0.000,0.590,0.000,0.100,0.001,0.308,626779612069142528
0.048,0.002,0.048,0.647,0.006,0.249,626775581871321088
0.002,0.738,0.126,0.069,0.059,0.005,626774354790121472
0.001,0.135,0.231,0.001,0.346,0.286,626757908429058048
0.001,0.331,0.330,0.109,0.006,0.223,626746880697999361
0.796,0.002,0.013,0.123,0.042,0.025,626742769768230913
0.033,0.267,0.025,0.629,0.012,0.034,626738754544377856
0.005,0.452,0.336,0.002,0.010,0.195,626738467754672128
0.033,0.267,0.025,0.629,0.012,0.034,626738106675392512
0.467,0.006,0.001,0.210,0.316,0.001,626730856996999168
0.004,0.447,0.333,0.041,0.105,0.070,626729069334384640
0.004,0.447,0.333,0.041,0.105,0.070,626727026943258624
0.796,0.002,0.013,0.123,0.042,0.025,626722921319411712
0.014,0.121,0.001,0.786,0.005,0.073,626720293092990976
0.000,0.590,0.000,0.100,0.001,0.308,626716599920291840
0.063,0.006,0.025,0.278,0.410,0.218,626713797789487105
0.014,0.121,0.001,0.786,0.005,0.073,626703173546323968
0.000,0.590,0.000,0.100,0.001,0.308,626701747747225600
0.014,0.121,0.001,0.786,0.005,0.073,626699738583175169
0.000,0.590,0.000,0.100,0.001,0.308,626699076248207360
0.063,0.385,0.002,0.083,0.002,0.465,626678288560164864
0.196,0.000,0.001,0.559,0.003,0.240,626667315568988160
0.245,0.559,0.145,0.008,0.033,0.011,626655718817595392
0.237,0.569,0.146,0.006,0.032,0.009,626652459059048449
0.001,0.123,0.064,0.489,0.041,0.281,626642757382074368
0.035,0.288,0.026,0.601,0.013,0.037,626609425814437888
0.006,0.027,0.267,0.033,0.559,0.108,626593411110309888
0.001,0.330,0.539,0.108,0.020,0.002,626583417249992704
0.301,0.036,0.346,0.120,0.002,0.195,626579107564761088
0.081,0.743,0.005,0.025,0.006,0.139,626574863952556032
0.081,0.743,0.005,0.025,0.006,0.139,626570396649701376
0.118,0.717,0.031,0.037,0.009,0.087,626569947678932992
0.005,0.058,0.536,0.002,0.002,0.397,626569555549257728
0.064,0.002,0.009,0.255,0.061,0.609,626567364247691265
0.021,0.181,0.001,0.707,0.011,0.080,626567229111463936
0.066,0.213,0.259,0.287,0.152,0.025,626567178813317124
0.052,0.004,0.401,0.321,0.219,0.002,626551593459183617
0.064,0.002,0.009,0.255,0.061,0.609,626550202237878272
0.063,0.385,0.002,0.083,0.002,0.465,626549204161273856
0.063,0.385,0.002,0.083,0.002,0.465,626549116831559680
0.001,0.007,0.047,0.003,0.894,0.048,626547038344364032
0.239,0.008,0.060,0.190,0.132,0.371,626542318623965184
0.002,0.045,0.117,0.001,0.469,0.365,626539064582344704
0.066,0.213,0.259,0.287,0.152,0.025,626534493827035136
0.016,0.136,0.001,0.728,0.006,0.114,626534028544446464
0.121,0.017,0.106,0.357,0.259,0.141,626529422317727746
0.129,0.108,0.000,0.520,0.109,0.134,626529411995537409
0.060,0.002,0.051,0.583,0.131,0.173,626527181599059968
0.064,0.002,0.009,0.255,0.061,0.609,626526915713736704
0.009,0.008,0.024,0.933,0.021,0.004,626520270879260672
0.150,0.086,0.327,0.008,0.038,0.390,626516039153655808
0.365,0.000,0.046,0.587,0.001,0.001,626512966381219840
0.002,0.744,0.067,0.047,0.002,0.138,626510069383983104
0.098,0.167,0.208,0.109,0.268,0.149,626497187044814848
0.439,0.064,0.273,0.010,0.062,0.153,626492719460913152
0.003,0.584,0.051,0.009,0.030,0.324,626487646727049218
0.733,0.001,0.019,0.243,0.003,0.001,626487128009019393
0.001,0.001,0.001,0.705,0.047,0.245,626486857027715072
0.001,0.232,0.080,0.501,0.002,0.185,626486447546077184
0.001,0.232,0.080,0.501,0.002,0.185,626486378386231296
0.001,0.232,0.080,0.501,0.002,0.185,626484307616337920
0.001,0.232,0.080,0.501,0.002,0.185,626483966506184704
0.093,0.084,0.321,0.073,0.254,0.176,626481584535928837
0.269,0.475,0.235,0.016,0.003,0.002,626475109411192832
0.086,0.082,0.001,0.551,0.243,0.037,626471702738903040
0.001,0.112,0.129,0.679,0.001,0.077,626470168718405632
0.013,0.163,0.017,0.684,0.003,0.121,626464947652792320
0.203,0.576,0.058,0.041,0.111,0.011,626463713072033792
0.001,0.046,0.037,0.338,0.057,0.522,626459389935939584
0.001,0.509,0.001,0.433,0.002,0.053,626452359137267717
0.086,0.082,0.001,0.551,0.243,0.037,626452357119913984
0.002,0.601,0.061,0.001,0.001,0.334,626451779526500352
0.031,0.862,0.027,0.024,0.028,0.029,626447378334281728
0.000,0.590,0.000,0.100,0.001,0.308,626442559812861952
0.003,0.188,0.357,0.067,0.074,0.310,626439509253718016
0.113,0.015,0.157,0.699,0.001,0.014,626439025843421184
0.157,0.004,0.208,0.149,0.045,0.438,626438104904265728
0.136,0.001,0.198,0.415,0.022,0.229,626433493782929408
0.004,0.521,0.142,0.044,0.052,0.238,626426820708204545
0.106,0.107,0.569,0.014,0.138,0.065,626425797159579648
0.028,0.124,0.844,0.000,0.001,0.003,626424076731613184
0.043,0.377,0.380,0.017,0.178,0.006,626423257214922752
0.023,0.822,0.020,0.091,0.021,0.022,626421770178826240
0.001,0.097,0.021,0.595,0.174,0.113,626420880550326272
0.159,0.165,0.417,0.054,0.063,0.142,626417279627079680
0.028,0.199,0.218,0.448,0.003,0.104,626413647087144960
0.028,0.199,0.218,0.448,0.003,0.104,626413562467086336
0.052,0.328,0.060,0.073,0.181,0.305,626413237727272960
0.002,0.744,0.067,0.047,0.002,0.138,626408566686117888
0.010,0.009,0.023,0.930,0.021,0.006,626401324179951616
0.052,0.390,0.046,0.197,0.001,0.313,626401131904782337
0.000,0.590,0.000,0.100,0.001,0.308,626400861640654848
0.001,0.021,0.307,0.003,0.349,0.318,626399757062283264
0.115,0.007,0.046,0.602,0.053,0.178,626397993843998720
0.276,0.011,0.083,0.485,0.143,0.002,626393782594969600
0.232,0.070,0.067,0.061,0.496,0.073,626392074917662720
0.002,0.744,0.067,0.047,0.002,0.138,626388697353723904
0.003,0.684,0.012,0.066,0.231,0.004,626386797220757504
0.269,0.475,0.235,0.016,0.003,0.002,626384668732973056
0.269,0.475,0.235,0.016,0.003,0.002,626384463061217280
0.269,0.475,0.235,0.016,0.003,0.002,626383750658686976
0.225,0.136,0.143,0.471,0.009,0.016,626382622177017856
0.001,0.230,0.000,0.752,0.001,0.016,626381612821946368
0.001,0.230,0.000,0.752,0.001,0.016,626381045093433344
0.269,0.475,0.235,0.016,0.003,0.002,626380631803609088
0.269,0.475,0.235,0.016,0.003,0.002,626379389756964864
0.031,0.028,0.081,0.803,0.028,0.029,626376486774284288
0.046,0.370,0.064,0.487,0.025,0.008,626376092736188416
0.177,0.127,0.065,0.360,0.186,0.085,626375728964202496
0.002,0.744,0.067,0.047,0.002,0.138,626375628670017537
0.457,0.002,0.013,0.124,0.379,0.025,626375545580855296
0.177,0.132,0.065,0.356,0.186,0.085,626375090993790976
0.031,0.028,0.081,0.803,0.028,0.029,626374795404283904
0.002,0.744,0.067,0.047,0.002,0.138,626374464498999296
0.044,0.010,0.224,0.050,0.610,0.063,626374298631045124
0.176,0.126,0.068,0.361,0.185,0.084,626374061690630144
0.002,0.744,0.067,0.047,0.002,0.138,626373589546205188
0.178,0.128,0.065,0.358,0.187,0.085,626373224704643072
0.001,0.524,0.159,0.147,0.001,0.167,626372799775514624
0.002,0.358,0.369,0.032,0.002,0.237,626372537891618816
0.173,0.083,0.119,0.230,0.234,0.161,626371588468965376
0.173,0.083,0.119,0.230,0.234,0.161,626371519103528960
0.173,0.083,0.119,0.230,0.234,0.161,626370938536333312
0.369,0.005,0.003,0.406,0.208,0.010,626369123350642688
0.001,0.310,0.001,0.001,0.121,0.566,626365863361421312
0.193,0.006,0.150,0.442,0.006,0.203,626365687380987904
0.003,0.684,0.012,0.066,0.231,0.004,626364544462401536
0.044,0.010,0.224,0.050,0.610,0.063,626363365942763520
0.044,0.010,0.224,0.050,0.610,0.063,626362763984515073
0.115,0.007,0.046,0.602,0.053,0.178,626362286828036096
0.115,0.283,0.173,0.003,0.283,0.144,626361528955072512
0.115,0.283,0.173,0.003,0.283,0.144,626361528929910784
0.001,0.310,0.001,0.001,0.121,0.566,626360976141463552
0.011,0.001,0.080,0.017,0.074,0.818,626360765151358976
0.095,0.377,0.074,0.179,0.173,0.102,626359823022559238
0.011,0.006,0.010,0.009,0.006,0.958,626359653451042816
0.115,0.007,0.046,0.602,0.053,0.178,626358838753689601
0.001,0.310,0.001,0.001,0.121,0.566,626358520414220288
0.001,0.310,0.001,0.001,0.121,0.566,626357590172172288
0.001,0.310,0.001,0.001,0.121,0.566,626357349859622913
0.004,0.333,0.003,0.001,0.047,0.613,626357184817942528
0.001,0.310,0.001,0.001,0.121,0.566,626356499439222784
0.203,0.576,0.058,0.041,0.111,0.011,626352241033744384
0.003,0.001,0.001,0.003,0.002,0.990,626352236688506880
0.203,0.576,0.058,0.041,0.111,0.011,626351993871708161
0.203,0.576,0.058,0.041,0.111,0.011,626344939610226688
0.203,0.576,0.058,0.041,0.111,0.011,626344121066721280
0.203,0.576,0.058,0.041,0.111,0.011,626342815606423552
0.203,0.576,0.058,0.041,0.111,0.011,626341958181625856
0.203,0.576,0.058,0.041,0.111,0.011,626341765684031488
0.203,0.576,0.058,0.041,0.111,0.011,626341139633831936
0.203,0.576,0.058,0.041,0.111,0.011,626340560475942912
0.203,0.576,0.058,0.041,0.111,0.011,626340364077690880
0.530,0.074,0.144,0.079,0.021,0.152,626338406646304768
0.023,0.021,0.020,0.892,0.021,0.022,626325497782251520
0.023,0.021,0.020,0.892,0.021,0.022,626318936766713856
0.023,0.021,0.020,0.892,0.021,0.022,626317503816273920
0.112,0.001,0.110,0.454,0.055,0.267,626285032743645184
0.009,0.001,0.003,0.790,0.001,0.195,626282709648683012
0.005,0.053,0.328,0.128,0.359,0.127,626244260765904897
0.115,0.283,0.173,0.003,0.283,0.144,626240806521737216
0.115,0.283,0.173,0.003,0.283,0.144,626237241673809920
0.115,0.283,0.173,0.003,0.283,0.144,626237127991390208
0.618,0.166,0.117,0.005,0.072,0.022,626214378292031488
0.003,0.003,0.002,0.002,0.337,0.653,626207795663257600
0.011,0.010,0.742,0.008,0.029,0.200,626204839752511489
0.007,0.129,0.159,0.005,0.451,0.249,626197927409532928
0.113,0.015,0.157,0.699,0.001,0.014,626182845245960192
0.083,0.066,0.107,0.040,0.054,0.651,626182830914023424
0.113,0.015,0.157,0.699,0.001,0.014,626182117957832704
0.083,0.066,0.107,0.040,0.054,0.651,626182109657366528
0.083,0.066,0.107,0.040,0.054,0.651,626174083554779136
0.113,0.015,0.157,0.699,0.001,0.014,626173614929408001
0.083,0.066,0.107,0.040,0.054,0.651,626173580284424193
0.083,0.066,0.107,0.040,0.054,0.651,626170730758164480
0.113,0.015,0.157,0.699,0.001,0.014,626170692128653312
0.254,0.081,0.002,0.006,0.655,0.002,626157455022665729
0.088,0.117,0.005,0.447,0.049,0.293,626153273980915712
0.088,0.118,0.004,0.450,0.045,0.296,626151601166794752
0.170,0.136,0.013,0.388,0.159,0.134,626149068092387332
0.005,0.058,0.536,0.002,0.002,0.397,626144501216727040
0.093,0.118,0.102,0.159,0.390,0.137,626136930053394432
0.093,0.118,0.102,0.159,0.390,0.137,626135752288665600
0.093,0.118,0.102,0.159,0.390,0.137,626135128922677248
0.010,0.009,0.023,0.930,0.021,0.006,626128839597359104
0.001,0.021,0.307,0.003,0.349,0.318,626125742271807489
0.001,0.310,0.001,0.001,0.121,0.566,626123310347239425
0.095,0.377,0.074,0.179,0.173,0.102,626122199070547968
0.010,0.009,0.023,0.930,0.021,0.006,626121606453014528
0.001,0.021,0.307,0.003,0.349,0.318,626117618945146880
0.010,0.009,0.023,0.930,0.021,0.006,626115043244015616
0.009,0.035,0.139,0.222,0.005,0.590,626108560133361664
0.002,0.002,0.942,0.006,0.005,0.043,626096754207944705
0.002,0.002,0.942,0.006,0.005,0.043,626096215793373185
0.001,0.310,0.001,0.001,0.121,0.566,626095909294723074
0.002,0.002,0.942,0.006,0.005,0.043,626095818076987392
0.002,0.013,0.090,0.014,0.781,0.099,626093710581870592
0.001,0.310,0.001,0.001,0.121,0.566,626093670366900224
0.001,0.310,0.001,0.001,0.121,0.566,626091481485348864
0.001,0.310,0.001,0.001,0.121,0.566,626090582788583424
0.070,0.245,0.139,0.001,0.005,0.540,626089743084687360
0.030,0.255,0.031,0.053,0.062,0.569,626085592418258944
0.031,0.028,0.081,0.803,0.028,0.029,626084860898119680
0.008,0.635,0.159,0.193,0.001,0.004,626080923486945280
0.090,0.010,0.024,0.234,0.118,0.525,626078544305750016
0.049,0.203,0.047,0.119,0.515,0.067,626061788782551041
0.078,0.071,0.174,0.183,0.212,0.282,626061413321080832
0.206,0.383,0.091,0.095,0.094,0.131,626057432444223488
0.003,0.001,0.002,0.027,0.089,0.878,626047606100262912
0.003,0.003,0.382,0.002,0.559,0.051,626045197676363776
0.003,0.001,0.002,0.027,0.089,0.878,626043903792283648
0.031,0.028,0.081,0.803,0.028,0.029,626036568118153216
0.031,0.028,0.081,0.803,0.028,0.029,626036233471459328
0.003,0.011,0.228,0.730,0.009,0.019,626031642277224449
0.019,0.417,0.332,0.030,0.184,0.018,626029623550300161
0.043,0.332,0.191,0.009,0.239,0.185,626026356132978689
0.206,0.383,0.091,0.095,0.094,0.131,626022346139299840
0.206,0.383,0.091,0.095,0.094,0.131,626021751198195712
0.004,0.060,0.132,0.002,0.050,0.753,626018390562467840
0.253,0.001,0.001,0.474,0.014,0.257,626010588586639363
0.003,0.001,0.002,0.027,0.089,0.878,626008082129104896
0.003,0.001,0.002,0.027,0.089,0.878,626007218454855681
0.001,0.185,0.021,0.396,0.018,0.379,626001070096039936
0.003,0.011,0.228,0.730,0.009,0.019,626000340152909824
0.001,0.137,0.002,0.769,0.001,0.090,626000197949255680
0.001,0.137,0.002,0.769,0.001,0.090,625999570770731008
0.035,0.516,0.139,0.263,0.046,0.002,625998785936818177
0.162,0.012,0.035,0.280,0.504,0.007,625996402578075648
0.003,0.497,0.003,0.003,0.315,0.179,625994321993592833
0.002,0.002,0.942,0.006,0.005,0.043,625994192972566528
0.078,0.265,0.278,0.142,0.119,0.118,625992915387576320
0.002,0.002,0.942,0.006,0.005,0.043,625992650424848385
0.002,0.002,0.942,0.006,0.005,0.043,625992536792895488
0.002,0.002,0.942,0.006,0.005,0.043,625992459475136512
0.002,0.002,0.942,0.006,0.005,0.043,625992397395230720
0.002,0.002,0.942,0.006,0.005,0.043,625992280864870400
0.002,0.002,0.942,0.006,0.005,0.043,625992219095379970
0.001,0.001,0.019,0.000,0.289,0.689,625991333799444480
0.052,0.135,0.018,0.507,0.058,0.231,625990714409660420
0.052,0.135,0.018,0.507,0.058,0.231,625990463884009472
0.003,0.497,0.003,0.003,0.315,0.179,625988906538897408
0.123,0.061,0.108,0.480,0.024,0.204,625982128191328256
0.009,0.131,0.014,0.104,0.063,0.679,625976132911923200
0.009,0.131,0.014,0.104,0.063,0.679,625961215609675776
0.001,0.097,0.002,0.001,0.054,0.846,625872071965327360
0.000,0.142,0.018,0.552,0.267,0.020,625870956636942336
0.131,0.067,0.001,0.532,0.069,0.200,625849925209710592
0.022,0.007,0.279,0.143,0.542,0.007,625837185996976128
0.022,0.007,0.279,0.143,0.542,0.007,625832538326609921
0.022,0.007,0.279,0.143,0.542,0.007,625832232427618304
0.009,0.160,0.368,0.067,0.072,0.324,625808540062474240
0.229,0.004,0.002,0.001,0.074,0.690,625807271776268288
0.001,0.479,0.101,0.041,0.002,0.375,625802207758282753
0.001,0.479,0.101,0.041,0.002,0.375,625801854325260288
0.154,0.251,0.059,0.050,0.012,0.473,625794600398123008
0.229,0.004,0.002,0.001,0.074,0.690,625793942706122757
0.326,0.062,0.017,0.001,0.392,0.202,625790846005346304
0.229,0.004,0.002,0.001,0.074,0.690,625790209238523904
0.050,0.158,0.078,0.401,0.183,0.130,625789527529885696
0.326,0.062,0.017,0.001,0.392,0.202,625788587682975744
0.229,0.004,0.002,0.001,0.074,0.690,625787032422494212
0.169,0.124,0.209,0.073,0.407,0.017,625784227460718592
0.116,0.001,0.006,0.608,0.003,0.265,625782139641053184
0.229,0.004,0.002,0.001,0.074,0.690,625776155660980225
0.006,0.010,0.302,0.004,0.673,0.005,625771402919084032
0.003,0.000,0.001,0.758,0.000,0.237,625769070441402368
0.353,0.018,0.061,0.359,0.048,0.160,625766537333321728
0.229,0.004,0.002,0.001,0.074,0.690,625764286065979392
0.353,0.018,0.061,0.359,0.048,0.160,625756590398795777
0.001,0.001,0.019,0.000,0.289,0.689,625756344285536257
0.229,0.004,0.002,0.001,0.074,0.690,625753972377317377
0.229,0.004,0.002,0.001,0.074,0.690,625752738207539200
0.213,0.200,0.153,0.001,0.180,0.254,625750424033714176
0.353,0.018,0.061,0.359,0.048,0.160,625749659361931266
0.353,0.018,0.061,0.359,0.048,0.160,625749514872172546
0.229,0.004,0.002,0.001,0.074,0.690,625748130584080384
0.001,0.479,0.101,0.041,0.002,0.375,625747362712043520
0.001,0.479,0.101,0.041,0.002,0.375,625744617527488512
0.192,0.502,0.260,0.016,0.005,0.024,625744571721494528
0.049,0.199,0.014,0.736,0.002,0.000,625744233798873088
0.150,0.301,0.004,0.511,0.024,0.010,625743216248266752
0.229,0.004,0.002,0.001,0.074,0.690,625741166412214272
0.002,0.003,0.048,0.772,0.001,0.174,625738276511596544
0.229,0.004,0.002,0.001,0.074,0.690,625736987287388160
0.229,0.004,0.002,0.001,0.074,0.690,625731831300800512
0.009,0.171,0.004,0.648,0.159,0.009,625721582082637825
0.002,0.251,0.017,0.009,0.058,0.664,625720895559081984
0.072,0.080,0.285,0.047,0.410,0.107,625720549654683648
0.000,0.170,0.001,0.037,0.061,0.729,625720266476384256
0.108,0.001,0.369,0.120,0.087,0.315,625719750316797952
0.201,0.165,0.124,0.363,0.053,0.093,625719184719151104
0.002,0.013,0.090,0.014,0.781,0.099,625716494391996416
0.080,0.149,0.217,0.082,0.241,0.231,625711319388303360
0.250,0.002,0.704,0.039,0.002,0.002,625709756200710144
0.250,0.002,0.704,0.039,0.002,0.002,625709151180693504
0.284,0.026,0.047,0.170,0.378,0.095,625709038689345536
0.016,0.015,0.014,0.013,0.015,0.928,625697220457705472
0.009,0.279,0.092,0.589,0.022,0.010,625693195385602048
0.250,0.002,0.704,0.039,0.002,0.002,625693118508220416
0.339,0.002,0.005,0.232,0.357,0.064,625686934342475776
0.051,0.023,0.544,0.102,0.205,0.075,625686855829319680
0.433,0.038,0.002,0.001,0.279,0.247,625686187332775936
0.078,0.265,0.278,0.142,0.119,0.118,625681755211722752
0.115,0.181,0.048,0.338,0.124,0.193,625667503738474496
0.462,0.076,0.005,0.215,0.135,0.108,625664238233718784
0.061,0.019,0.123,0.003,0.569,0.225,625660881582604288
0.004,0.019,0.078,0.019,0.661,0.219,625659848382922752
0.001,0.019,0.077,0.019,0.664,0.220,625659469540782080
0.001,0.019,0.077,0.019,0.664,0.220,625658260310392832
0.001,0.129,0.030,0.762,0.001,0.078,625658103451779073
0.111,0.149,0.189,0.433,0.036,0.082,625657956214939648
0.482,0.026,0.002,0.378,0.106,0.006,625657923969093632
0.482,0.026,0.002,0.378,0.106,0.006,625656792253616128
0.111,0.149,0.189,0.433,0.036,0.082,625656791557369856
0.000,0.139,0.001,0.761,0.022,0.077,625656085899268096
0.482,0.026,0.002,0.378,0.106,0.006,625654279408324608
0.111,0.149,0.189,0.433,0.036,0.082,625654124282007552
0.001,0.203,0.036,0.759,0.001,0.000,625653858472206336
0.003,0.973,0.009,0.008,0.003,0.003,625653777522102273
0.036,0.065,0.683,0.084,0.098,0.034,625653604595200000
0.001,0.001,0.084,0.023,0.077,0.813,625652990238720000
0.538,0.001,0.001,0.413,0.001,0.045,625652585568043008
0.001,0.129,0.030,0.762,0.001,0.078,625652095845277697
0.002,0.013,0.090,0.014,0.781,0.099,625645769094230016
0.002,0.013,0.090,0.014,0.781,0.099,625643624156540928
0.002,0.013,0.090,0.014,0.781,0.099,625643583035568130
0.435,0.137,0.111,0.076,0.069,0.172,625637026780426241
0.016,0.015,0.014,0.013,0.015,0.928,625628469930684416
0.207,0.095,0.118,0.125,0.268,0.188,625625034753744896
0.129,0.119,0.000,0.508,0.109,0.134,625624351820378112
0.336,0.259,0.142,0.003,0.144,0.116,625624326176423936
0.002,0.109,0.091,0.324,0.050,0.424,625622115480391680
0.007,0.455,0.136,0.224,0.154,0.024,625621909535854592
0.006,0.641,0.281,0.014,0.053,0.006,625614148626444289
0.958,0.005,0.004,0.001,0.031,0.002,625613231260831744
0.250,0.002,0.704,0.039,0.002,0.002,625570772778659840
0.002,0.048,0.042,0.696,0.192,0.021,625506776423600128
0.050,0.238,0.185,0.075,0.152,0.301,625494707057987584
0.050,0.238,0.185,0.075,0.152,0.301,625483150249099265
0.066,0.009,0.041,0.573,0.027,0.284,625475756336877568
0.084,0.007,0.033,0.334,0.137,0.406,625452896184877056
0.368,0.001,0.095,0.271,0.256,0.008,625449856937521152
0.001,0.019,0.077,0.019,0.664,0.220,625448851701387264
0.002,0.048,0.042,0.696,0.192,0.021,625433392939724800
0.250,0.002,0.704,0.039,0.002,0.002,625427240327643136
0.001,0.116,0.016,0.001,0.072,0.794,625389415972610049
0.011,0.115,0.016,0.001,0.072,0.785,625388021924233216
0.003,0.085,0.001,0.001,0.001,0.908,625372494707486720
0.001,0.011,0.255,0.001,0.671,0.061,625349135286321152
0.087,0.225,0.007,0.076,0.572,0.033,625345893106077697
0.115,0.104,0.033,0.030,0.175,0.543,625344576123990017
0.001,0.011,0.255,0.001,0.671,0.061,625343311411310594
0.016,0.015,0.014,0.013,0.015,0.928,625338869203009537
0.075,0.070,0.007,0.663,0.005,0.181,625336646930579456
0.250,0.002,0.704,0.039,0.002,0.002,625329936086233089
0.009,0.395,0.004,0.317,0.271,0.004,625329753508171776
0.151,0.268,0.356,0.128,0.067,0.031,625329601447895040
0.224,0.003,0.322,0.190,0.223,0.038,625329532153761792
0.250,0.002,0.704,0.039,0.002,0.002,625329096399171584
0.050,0.158,0.078,0.401,0.183,0.130,625326566239682560
0.250,0.002,0.704,0.039,0.002,0.002,625320376000753664
0.250,0.002,0.704,0.039,0.002,0.002,625320253497733120
0.320,0.414,0.037,0.001,0.085,0.144,625319239965143040
0.301,0.075,0.505,0.046,0.065,0.008,625315373840224256
0.001,0.301,0.054,0.030,0.193,0.421,625312671479558144
0.250,0.002,0.704,0.039,0.002,0.002,625311086733074432
0.250,0.002,0.704,0.039,0.002,0.002,625310693475151873
0.002,0.159,0.064,0.408,0.007,0.361,625294792050671616
0.076,0.127,0.541,0.130,0.004,0.122,625280526992187392
0.003,0.085,0.001,0.001,0.001,0.908,625278958054019072
0.052,0.386,0.420,0.041,0.081,0.019,625278929549545472
0.002,0.159,0.064,0.408,0.007,0.361,625278315335651328
0.001,0.212,0.001,0.786,0.001,0.000,625240137333624832
0.001,0.212,0.001,0.786,0.001,0.000,625177074945388544
0.007,0.003,0.185,0.563,0.006,0.237,625113523253846016
0.376,0.009,0.004,0.207,0.398,0.005,625104921860415488
0.103,0.014,0.002,0.613,0.026,0.243,625094624709840897
0.001,0.188,0.001,0.768,0.001,0.041,625090738557165568
0.103,0.014,0.002,0.613,0.026,0.243,625089363962163200
0.188,0.010,0.021,0.769,0.010,0.002,625087146920161280
0.239,0.001,0.002,0.756,0.002,0.001,625085979381080064
0.080,0.001,0.089,0.626,0.005,0.200,625078761197735937
0.003,0.085,0.001,0.001,0.001,0.908,625077838526476288
0.377,0.053,0.004,0.001,0.363,0.201,625075841899364353
0.295,0.016,0.011,0.007,0.664,0.008,625069447745785857
0.014,0.049,0.047,0.603,0.081,0.206,625067793206001664
0.295,0.016,0.011,0.007,0.664,0.008,625065673203580929
0.192,0.502,0.260,0.016,0.005,0.024,625065593738293248
0.295,0.016,0.011,0.007,0.664,0.008,625061868042887174
0.295,0.016,0.011,0.007,0.664,0.008,625058135959597056
0.295,0.016,0.011,0.007,0.664,0.008,625054978835615746
0.003,0.085,0.001,0.001,0.001,0.908,625052000594563073
0.279,0.016,0.010,0.006,0.682,0.007,625050286592270336
0.344,0.154,0.001,0.064,0.261,0.176,625045131419217920
0.003,0.085,0.001,0.001,0.001,0.908,625043714960822272
0.003,0.085,0.001,0.001,0.001,0.908,625040507006287872
0.003,0.085,0.001,0.001,0.001,0.908,625040294803738625
0.003,0.085,0.001,0.001,0.001,0.908,625038986235498496
0.003,0.085,0.001,0.001,0.001,0.908,625038944669954048
0.003,0.085,0.001,0.001,0.001,0.908,625038938932178944
0.003,0.085,0.001,0.001,0.001,0.908,625038934230368261
0.003,0.085,0.001,0.001,0.001,0.908,625038872188071936
0.050,0.429,0.400,0.039,0.077,0.005,625038706265579524
0.003,0.085,0.001,0.001,0.001,0.908,625038592893521920
0.069,0.744,0.001,0.127,0.001,0.057,625036769944305665
0.225,0.081,0.136,0.148,0.299,0.111,625031532579790849
0.036,0.044,0.000,0.545,0.366,0.009,625031129897299968
0.009,0.057,0.053,0.005,0.002,0.874,625031047848284160
0.994,0.001,0.001,0.001,0.001,0.001,625030877886742532
0.119,0.184,0.261,0.110,0.243,0.083,625030815701934080
0.001,0.282,0.460,0.111,0.088,0.058,625030738933612545
0.132,0.001,0.018,0.584,0.002,0.264,625030675935137792
0.162,0.001,0.068,0.502,0.005,0.261,625023626484543488
0.147,0.270,0.010,0.002,0.003,0.568,625019029745438720
0.050,0.157,0.077,0.405,0.182,0.129,625017041695731712
0.086,0.491,0.061,0.158,0.202,0.001,625004316890247168
0.065,0.144,0.001,0.513,0.114,0.163,624998271073652736
0.167,0.167,0.167,0.167,0.167,0.167,624998060184215552
0.206,0.220,0.027,0.063,0.482,0.001,624996498267181061
0.167,0.167,0.167,0.167,0.167,0.167,624991425567059968
0.045,0.005,0.033,0.027,0.049,0.840,624986611298603012
0.027,0.110,0.218,0.305,0.000,0.339,624978640330223616
0.027,0.110,0.218,0.305,0.000,0.339,624978362298200064
0.167,0.167,0.167,0.167,0.167,0.167,624977664227586048
0.027,0.110,0.218,0.305,0.000,0.339,624977645827158017
0.413,0.454,0.027,0.003,0.005,0.097,624972982453161985
0.001,0.280,0.000,0.718,0.000,0.000,624966598252605442
0.054,0.243,0.396,0.170,0.134,0.002,624965019965476864
0.206,0.220,0.027,0.063,0.482,0.001,624963307074514945
0.050,0.157,0.078,0.405,0.182,0.129,624951839646220288
0.045,0.005,0.033,0.027,0.049,0.840,624951092984565760
0.077,0.184,0.450,0.155,0.029,0.105,624945901765820416
0.077,0.184,0.450,0.155,0.029,0.105,624944939047194624
0.077,0.184,0.450,0.155,0.029,0.105,624943896813039616
0.077,0.184,0.450,0.155,0.029,0.105,624941010871824384
0.077,0.184,0.450,0.155,0.029,0.105,624940683204407296
0.050,0.157,0.078,0.405,0.182,0.129,624935644234526720
0.457,0.417,0.026,0.004,0.006,0.091,624930994974552065
0.045,0.005,0.033,0.027,0.049,0.840,624924941507428352
0.045,0.005,0.033,0.027,0.049,0.840,624924066147729409
0.045,0.005,0.033,0.027,0.049,0.840,624923292772597760
0.045,0.005,0.033,0.027,0.049,0.840,624922349733851136
0.009,0.012,0.010,0.009,0.176,0.785,624922346755719168
0.436,0.191,0.192,0.039,0.140,0.002,624922339080187904
0.045,0.005,0.033,0.027,0.049,0.840,624922000914558978
0.045,0.005,0.033,0.027,0.049,0.840,624921713579573249
0.002,0.159,0.064,0.408,0.007,0.361,624921451720744961
0.203,0.070,0.366,0.251,0.003,0.107,624921415167406080
0.436,0.191,0.192,0.039,0.140,0.002,624921334997458944
0.002,0.572,0.001,0.001,0.006,0.419,624920695441596416
0.080,0.001,0.089,0.626,0.005,0.200,624920585316007936
0.009,0.012,0.010,0.009,0.176,0.785,624915825183584256
0.282,0.151,0.264,0.003,0.013,0.287,624912353507835908
0.051,0.010,0.007,0.455,0.100,0.378,624895447950344192
0.051,0.010,0.007,0.455,0.100,0.378,624894386082426881
0.050,0.158,0.078,0.401,0.183,0.130,624806185707831296
0.050,0.158,0.078,0.401,0.183,0.130,624802481780862976
0.001,0.031,0.044,0.023,0.176,0.724,624786365373411329
0.002,0.572,0.001,0.001,0.006,0.419,624776152104701952
0.197,0.218,0.057,0.321,0.002,0.206,624766591322980352
0.273,0.423,0.056,0.133,0.073,0.043,624742878477164544
0.344,0.369,0.070,0.089,0.092,0.038,624739069201940480
0.001,0.015,0.018,0.742,0.001,0.223,624733360678653952
0.206,0.220,0.027,0.063,0.482,0.001,624732274421067776
0.206,0.220,0.027,0.063,0.482,0.001,624723088412774400
0.206,0.220,0.027,0.063,0.482,0.001,624722343164833792
0.002,0.159,0.064,0.408,0.007,0.361,624721672462041088
0.206,0.220,0.027,0.063,0.482,0.001,624721497047764992
0.203,0.070,0.366,0.251,0.003,0.107,624718814031290368
0.014,0.096,0.532,0.199,0.003,0.156,624714450059169792
0.002,0.159,0.064,0.408,0.007,0.361,624710454070390784
0.189,0.020,0.681,0.018,0.049,0.044,624697707571970048
0.031,0.132,0.614,0.088,0.003,0.132,624690956642574336
0.031,0.132,0.614,0.088,0.003,0.132,624690120076062720
0.098,0.665,0.125,0.050,0.042,0.019,624687382072311808
0.001,0.136,0.169,0.081,0.529,0.084,624685651494072322
0.225,0.758,0.002,0.004,0.002,0.009,624681008147877888
0.003,0.002,0.091,0.461,0.096,0.347,624670864986869760
0.204,0.001,0.007,0.043,0.083,0.662,624669106906632192
0.204,0.001,0.007,0.043,0.083,0.662,624669044894003200
0.204,0.001,0.007,0.043,0.083,0.662,624668409930874880
0.204,0.001,0.007,0.043,0.083,0.662,624667968102727680
0.204,0.001,0.007,0.043,0.083,0.662,624667496893714432
0.204,0.001,0.007,0.043,0.083,0.662,624664650081153025
0.204,0.001,0.007,0.043,0.083,0.662,624664120642572288
0.254,0.081,0.002,0.006,0.655,0.002,624658557158432768
0.026,0.012,0.256,0.004,0.685,0.017,624656054786347008
0.014,0.174,0.018,0.669,0.003,0.122,624646421027889153
0.002,0.001,0.150,0.602,0.078,0.167,624646184523681792
0.005,0.157,0.754,0.002,0.079,0.003,624639817343737856
0.003,0.090,0.133,0.567,0.100,0.107,624639322357108736
0.184,0.047,0.316,0.374,0.001,0.078,624631574466723840
0.032,0.007,0.874,0.008,0.016,0.063,624621233707954176
0.079,0.335,0.163,0.314,0.104,0.006,624616971351396352
0.184,0.047,0.316,0.374,0.001,0.078,624616252682534914
0.563,0.045,0.022,0.031,0.211,0.128,624614099050041346
0.002,0.006,0.718,0.101,0.169,0.003,624610365163241472
0.045,0.005,0.033,0.027,0.049,0.840,624608187598024704
0.224,0.003,0.322,0.190,0.223,0.038,624604763431153664
0.068,0.655,0.150,0.002,0.009,0.116,624598955448385539
0.182,0.330,0.213,0.066,0.116,0.093,624588414483058688
0.131,0.187,0.007,0.663,0.003,0.010,624581908802981888
0.339,0.002,0.005,0.232,0.357,0.064,624579964457906176
0.462,0.076,0.005,0.215,0.135,0.108,624579502929096704
0.462,0.076,0.005,0.215,0.135,0.108,624578506739978240
0.462,0.076,0.005,0.215,0.135,0.108,624577793339355138
0.279,0.006,0.114,0.042,0.108,0.450,624576268160339968
0.462,0.076,0.005,0.215,0.135,0.108,624570534420967424
0.462,0.076,0.005,0.215,0.135,0.108,624570400371048448
0.339,0.002,0.005,0.232,0.357,0.064,624566516630048768
0.034,0.002,0.015,0.012,0.936,0.002,624565318720094208
0.171,0.012,0.007,0.358,0.348,0.105,624565054508277760
0.002,0.001,0.150,0.602,0.078,0.167,624564755328565248
0.004,0.141,0.246,0.003,0.558,0.048,624563539110404096
0.008,0.315,0.272,0.015,0.387,0.003,624562450801786880
0.130,0.075,0.011,0.426,0.132,0.226,624562394673586176
0.001,0.157,0.001,0.574,0.254,0.013,624562213043310592
0.111,0.002,0.239,0.451,0.083,0.114,624560920950276096
0.390,0.001,0.000,0.607,0.001,0.001,624558498374926336
0.001,0.157,0.001,0.574,0.254,0.013,624557908974374915
0.054,0.250,0.109,0.215,0.090,0.281,624557580879273984
0.339,0.002,0.005,0.232,0.357,0.064,624553596709900288
0.339,0.002,0.005,0.232,0.357,0.064,624552568895709189
0.339,0.002,0.005,0.232,0.357,0.064,624552494505566208
0.502,0.002,0.014,0.437,0.003,0.042,624552256600412160
0.159,0.001,0.004,0.028,0.750,0.058,624549334193958912
0.308,0.277,0.029,0.126,0.059,0.202,624548299454980096
0.214,0.299,0.053,0.011,0.201,0.222,624547475450368000
0.288,0.023,0.154,0.194,0.302,0.039,624547034809430016
0.185,0.515,0.162,0.002,0.133,0.003,624546788645732352
0.457,0.040,0.004,0.001,0.301,0.197,624546525100818432
0.209,0.178,0.079,0.001,0.268,0.265,624546314840338432
0.469,0.050,0.001,0.081,0.283,0.115,624543974590689280
0.469,0.050,0.001,0.081,0.283,0.115,624542580794114048
0.014,0.174,0.018,0.669,0.003,0.122,624541708919795712
0.227,0.025,0.405,0.125,0.069,0.150,624541377678966784
0.014,0.174,0.018,0.669,0.003,0.122,624541187295309824
0.572,0.059,0.006,0.082,0.165,0.116,624541025562963968
0.864,0.059,0.012,0.043,0.006,0.017,624540769391616000
0.469,0.050,0.001,0.081,0.283,0.115,624540714563579904
0.498,0.001,0.050,0.155,0.290,0.006,624540441065717760
0.276,0.259,0.154,0.050,0.098,0.164,624540173888561153
0.469,0.050,0.001,0.081,0.283,0.115,624540069634904064
0.345,0.155,0.001,0.058,0.263,0.178,624534518620229632
0.045,0.003,0.004,0.372,0.571,0.005,624532068593180672
0.276,0.259,0.154,0.050,0.098,0.164,624519597648121857
0.014,0.090,0.197,0.646,0.013,0.040,624515121289822208
0.014,0.090,0.197,0.646,0.013,0.040,624508519056850944
0.014,0.090,0.197,0.646,0.013,0.040,624506956913475584
0.132,0.227,0.073,0.163,0.219,0.186,624475131147104256
0.051,0.023,0.544,0.102,0.205,0.075,624460875018059776
0.390,0.001,0.000,0.607,0.001,0.001,624453888566018048
0.028,0.129,0.161,0.533,0.004,0.145,624446090025242625
0.028,0.129,0.161,0.533,0.004,0.145,624430875770519552
0.272,0.002,0.137,0.062,0.174,0.352,624430115204694016
0.001,0.008,0.376,0.002,0.405,0.208,624420198741897216
0.051,0.023,0.544,0.102,0.205,0.075,624397003494158336
0.016,0.002,0.005,0.531,0.443,0.003,624393426675630080
0.051,0.023,0.544,0.102,0.205,0.075,624391373664452609
0.051,0.023,0.544,0.102,0.205,0.075,624391292844269568
0.016,0.002,0.005,0.531,0.443,0.003,624391109125505024
0.051,0.023,0.544,0.102,0.205,0.075,624390767835017216
0.051,0.023,0.544,0.102,0.205,0.075,624388917068959744
0.430,0.210,0.119,0.000,0.114,0.126,624388672721326080
0.051,0.023,0.544,0.102,0.205,0.075,624388137746345985
0.051,0.023,0.544,0.102,0.205,0.075,624388131127754752
0.051,0.023,0.544,0.102,0.205,0.075,624386677075771392
0.009,0.395,0.004,0.317,0.271,0.004,624381530958364673
0.661,0.090,0.007,0.006,0.229,0.007,624381492928581632
0.009,0.395,0.004,0.317,0.271,0.004,624381450759049216
0.224,0.003,0.322,0.190,0.223,0.038,624381318055481344
0.009,0.395,0.004,0.317,0.271,0.004,624380953138438144
0.661,0.090,0.007,0.006,0.229,0.007,624380908720783361
0.009,0.395,0.004,0.317,0.271,0.004,624380867822112768
0.224,0.003,0.322,0.190,0.223,0.038,624380687995547649
0.009,0.395,0.004,0.317,0.271,0.004,624380503169368064
0.661,0.090,0.007,0.006,0.229,0.007,624380465751965696
0.009,0.395,0.004,0.317,0.271,0.004,624380440737153024
0.224,0.003,0.322,0.190,0.223,0.038,624380332075257856
0.598,0.089,0.005,0.020,0.169,0.118,624380100872667136
0.011,0.581,0.014,0.004,0.005,0.385,624375001836224516
0.011,0.581,0.014,0.004,0.005,0.385,624368588300939265
0.184,0.047,0.316,0.374,0.001,0.078,624364899762712576
0.123,0.097,0.125,0.001,0.374,0.279,624364486086930432
0.066,0.250,0.054,0.297,0.105,0.227,624363928672296961
0.129,0.001,0.012,0.561,0.004,0.293,624363675688669185
